Hyena
Advancement Level        Construction Speed increased by
1        5%
2        7%
3        9%
4        12%
5        15%
Upgrade Cost
Level        Pet Food        Taming Manual        Energizing Potion        Strengthening Serum
1        –        –        –        –
2        150                        
3        160                        
4        170                        
5        180                        
6        190                        
7        200                        
8        210                        
9        220                        
10        235                        
Advancement        –        15        0        0
11        250                        
12        265                        
13        280                        
14        295                        
15        310                        
16        325                        
17        340                        
18        355                        
19        370                        
20        390                        
Advancement        –        30        0        0
21        410                        
22        430                        
23        450                        
24        470                        
25        490                        
26        510                        
27        530                        
28        550                        
29        570                        
30        600                        
Advancement        –        45        10        0
31        630                        
32        660                        
33        690                        
34        720                        
35        750                        
36        780                        
37        810                        
38        840                        
39        870                        
40        910                        
Advancement        –        60        20        0
41        950                        
42        990                        
43        1,030                        
44        1,070                        
45        1,100                        
46        1,150                        
47        1,190                        
48        1,230                        
49        1,270                        
50        1,320                        
Advancement        –        90        30        10


Arctic Wolf


Advancement Level        Chief Stamina
10        35
20        40
30        45
40        50
50        55
60        60
Upgrade Cost
Level        Pet Food        Taming Manual        Energizing Potion        Strengthening Serum
1        –        –        –        –
2        200                        
3        220                        
4        240                        
5        260                        
6        280                        
7        300                        
8        320                        
9        340                        
10        370                        
Advancement        –        20        0        0
11        400                        
12        430                        
13        460                        
14        490                        
15        520                        
16        550                        
17        580                        
18        610                        
19        640                        
20        680                        
Advancement        –        40        0        0
21        720                        
22        760                        
23        800                        
24        840                        
25        880                        
26        920                        
27        960                        
28        1,000                        
29        1,040                        
30        1,100                        
Advancement        –        60        10        0
31        1,160                        
32        1,220                        
33        1,280                        
34        1,340                        
35        1,400                        
36        1,460                        
37        1,520                        
38        1,580                        
39        1,640                        
40        1,720                        
Advancement        –        90        20        0
41        1,800                        
42        1,880                        
43        1,960                        
44        2,040                        
45        2,120                        
46        2,200                        
47        2,280                        
48        2,360                        
49        2,440                        
50        2,540                        
Advancement        –        130        20        10
51        2,640                        
52        2,740                        
53        2,840                        
54        2,940                        
55        3,040                        
56        3,140                        
57        3,240                        
58        3,340                        
59        3,440                        
60        3,560                        
Advancement        –        175        50        20


Musk Ox


Advancement Level        Skill Cooldown
10        1 day, 11 hours
20        1 day, 7 hours
30        1 day, 3 hours
40        23 hours
50        19 hours
60        15 hours
Upgrade Cost
Level        Pet Food        Taming Manual        Energizing Potion        Strengthening Serum
1        –        –        –        –
2        200                        
3        220                        
4        240                        
5        260                        
6        280                        
7        300                        
8        320                        
9        340                        
10        370                        
Advancement        –        20        0        0
11        400                        
12        430                        
13        460                        
14        490                        
15        520                        
16        550                        
17        580                        
18        610                        
19        640                        
20        680                        
Advancement        –        40        0        0
21        720                        
22        760                        
23        800                        
24        840                        
25        880                        
26        920                        
27        960                        
28        1,000                        
29        1,040                        
30        1,100                        
Advancement        –        60        10        0
31        1,160                        
32        1,220                        
33        1,280                        
34        1,340                        
35        1,400                        
36        1,460                        
37        1,520                        
38        1,580                        
39        1,640                        
40        1,720                        
Advancement        –        90        20        0
41        1,800                        
42        1,880                        
43        1,960                        
44        2,040                        
45        2,120                        
46        2,200                        
47        2,280                        
48        2,360                        
49        2,440                        
50        2,540                        
Advancement        –        130        20        10
51        2,640                        
52        2,740                        
53        2,840                        
54        2,940                        
55        3,040                        
56        3,140                        
57        3,240                        
58        3,340                        
59        3,440                        
60        3,560                        
Advancement        –        175        50        20
Giant Tapir


Advancement Level        Pet Food
10        200
20        250
30        300
40        350
50        400
60        450
70        500
Upgrade Cost
Level        Pet Food        Taming Manual        Energizing Potion        Strengthening Serum
1        –        –        –        –
2        300                        
3        330                        
4        360                        
5        390                        
6        420                        
7        450                        
8        480                        
9        510                        
10        555                        
Advancement        –        25        0        0
11        600                        
12        645                        
13        690                        
14        735                        
15        780                        
16        825                        
17        870                        
18        915                        
19        960                        
20        1,020                        
Advancement        –        50        0        0
21        1,080                        
22        1,140                        
23        1,200                        
24        1,260                        
25        1,320                        
26        1,380                        
27        1,440                        
28        1,500                        
29        1,560                        
30        1,650                        
Advancement        –        75        10        0
31        1,740                        
32        1,830                        
33        1,920                        
34        2,010                        
35        2,100                        
36        2,190                        
37        2,280                        
38        2,370                        
39        2,460                        
40        2,580                        
Advancement        –        100        20        0
41        2,700                        
42        2,820                        
43        2,940                        
44        3,060                        
45        3,180                        
46        3,300                        
47        3,420                        
48        3,540                        
49        3,660                        
50        3,810                        
Advancement        –        155        30        10
51        3,960                        
52        4,110                        
53        4,260                        
54        4,410                        
55        4,560                        
56        4,710                        
57        4,860                        
58        5,010                        
59        5,160                        
60        5,340                        
Advancement        –        200        50        20
61        5,520                        
62        5,700                        
63        5,880                        
64        6,060                        
65        6,240                        
66        6,420                        
67        6,600                        
68        6,780                        
69        6,960                        
70        7,140                        
Advancement        –        255        80        40


Titan Roc


Advancement Level        Enemy Health reduced by
10        1.50%
20        2.00%
30        2.50%
40        3.00%
50        3.50%
60        4.00%
70        5.00%
Upgrade Cost
Level        Pet Food        Taming Manual        Energizing Potion        Strengthening Serum
1        –        –        –        –
2        300                        
3        330                        
4        360                        
5        390                        
6        420                        
7        450                        
8        480                        
9        510                        
10        555                        
Advancement        –        25        0        0
11        600                        
12        645                        
13        690                        
14        735                        
15        780                        
16        825                        
17        870                        
18        915                        
19        960                        
20        1,020                        
Advancement        –        50        0        0
21        1,080                        
22        1,140                        
23        1,200                        
24        1,260                        
25        1,320                        
26        1,380                        
27        1,440                        
28        1,500                        
29        1,560                        
30        1,650                        
Advancement        –        75        10        0
31        1,740                        
32        1,830                        
33        1,920                        
34        2,010                        
35        2,100                        
36        2,190                        
37        2,280                        
38        2,370                        
39        2,460                        
40        2,580                        
Advancement        –        100        20        0
41        2,700                        
42        2,820                        
43        2,940                        
44        3,060                        
45        3,180                        
46        3,300                        
47        3,420                        
48        3,540                        
49        3,660                        
50        3,810                        
Advancement        –        155        30        10
51        3,960                        
52        4,110                        
53        4,260                        
54        4,410                        
55        4,560                        
56        4,710                        
57        4,860                        
58        5,010                        
59        5,160                        
60        5,340                        
Advancement        –        200        50        20
61        5,520                        
62        5,700                        
63        5,880                        
64        6,060                        
65        6,240                        
66        6,420                        
67        6,600                        
68        6,780                        
69        6,960                        
70        7,140                        
Advancement        –        255        80        40


Giant Elk


Advancement Level        Cooldown
10        2 days, 3 hours
20        1 day, 23 hours
30        1 day, 19 hours
40        1 day, 15 hours
50        1 day, 11 hours
60        1 day, 7 hours
70        1 day, 3 hours
80        23 hours
Upgrade Cost
Level        Pet Food        Taming Manual        Energizing Potion        Strengthening Serum
1        –        –        –        –
2        400                        
3        440                        
4        480                        
5        520                        
6        560                        
7        600                        
8        640                        
9        680                        
10        740                        
Advancement        –        30        0        0
11        800                        
12        860                        
13        920                        
14        980                        
15        1,040                        
16        1,100                        
17        1,160                        
18        1,220                        
19        1,280                        
20        1,360                        
Advancement        –        60        0        0
21        1,440                        
22        1,520                        
23        1,600                        
24        1,680                        
25        1,760                        
26        1,840                        
27        1,920                        
28        2,000                        
29        2,080                        
30        2,200                        
Advancement        –        95        10        0
31        2,320                        
32        2,440                        
33        2,560                        
34        2,680                        
35        2,800                        
36        2,920                        
37        3,040                        
38        3,160                        
39        3,280                        
40        3,440                        
Advancement        –        125        20        0
41        3,600                        
42        3,760                        
43        3,920                        
44        4,080                        
45        4,240                        
46        4,400                        
47        4,560                        
48        4,720                        
49        4,880                        
50        5,080                        
Advancement        –        190        30        10
51        5,280                        
52        5,480                        
53        5,680                        
54        5,880                        
55        6,080                        
56        6,280                        
57        6,480                        
58        6,680                        
59        6,880                        
60        7,120                        
Advancement        –        250        50        20
61        7,360                        
62        7,600                        
63        7,840                        
64        8,080                        
65        8,320                        
66        8,560                        
67        8,800                        
68        9,040                        
69        9,280                        
70        9,520                        
Advancement        –        310        80        40
71        9,760                        
72        10,000                        
73        10,240                        
74        10,480                        
75        10,720                        
76        10,960                        
77        11,200                        
78        11,440                        
79        11,680                        
80        12,000                        
Advancement        –        380        100        60


Snow Leopard


Advancement Level        March Speed Increase        Enemy Lethality Decrease
10        15.00%        1.50%
20        17.00%        2.00%
30        19.00%        2.50%
40        21.00%        3.00%
50        23.00%        3.50%
60        25.00%        4.00%
70        27.00%        4.50%
80        30.00%        5.00%
Upgrade Cost
Level        Pet Food        Taming Manual        Energizing Potion        Strengthening Serum
1        –        –        –        –
2        400                        
3        440                        
4        480                        
5        520                        
6        560                        
7        600                        
8        640                        
9        680                        
10        740                        
Advancement        –        30        0        0
11        800                        
12        860                        
13        920                        
14        980                        
15        1,040                        
16        1,100                        
17        1,160                        
18        1,220                        
19        1,280                        
20        1,360                        
Advancement        –        60        0        0
21        1,440                        
22        1,520                        
23        1,600                        
24        1,680                        
25        1,760                        
26        1,840                        
27        1,920                        
28        2,000                        
29        2,080                        
30        2,200                        
Advancement        –        95        10        0
31        2,320                        
32        2,440                        
33        2,560                        
34        2,680                        
35        2,800                        
36        2,920                        
37        3,040                        
38        3,160                        
39        3,280                        
40        3,440                        
Advancement        –        125        20        0
41        3,600                        
42        3,760                        
43        3,920                        
44        4,080                        
45        4,240                        
46        4,400                        
47        4,560                        
48        4,720                        
49        4,880                        
50        5,080                        
Advancement        –        190        30        10
51        5,280                        
52        5,480                        
53        5,680                        
54        5,880                        
55        6,080                        
56        6,280                        
57        6,480                        
58        6,680                        
59        6,880                        
60        7,120                        
Advancement        –        250        50        20
61        7,360                        
62        7,600                        
63        7,840                        
64        8,080                        
65        8,320                        
66        8,560                        
67        8,800                        
68        9,040                        
69        9,280                        
70        9,520                        
Advancement        –        310        80        40
71        9,760                        
72        10,000                        
73        10,240                        
74        10,480                        
75        10,720                        
76        10,960                        
77        11,200                        
78        11,440                        
79        11,680                        
80        12,000                        
Advancement        –        380        100        60


Cave Lion


Advancement Level        Troop Attack Increased by
10        2.50%
20        3.00%
30        3.50%
40        4.00%
50        5.00%
60        6.00%
70        7.00%
80        8.00%
90        9.00%
100        10.00%
Upgrade Cost
Level        Pet Food        Taming
Manual        Energizing
Potion        Strengthening
Serum
1        –                        
2        500                        
3        550                        
4        600                        
5        650                        
6        700                        
7        750                        
8        800                        
9        850                        
10        925                        
Advance        –        35        0        0
11        1,000                        
12        1,075                        
13        1,150                        
14        1,225                        
15        1,300                        
16        1,375                        
17        1,450                        
18        1,525                        
19        1,600                        
20        1,700                        
Advance        –        70        0        0
21        1,800                        
22        1,900                        
23        2,000                        
24        2,100                        
25        2,200                        
26        2,300                        
27        2,400                        
28        2,500                        
29        2,600                        
30        2,750                        
Advance        –        110        15        0
31        2,900                        
32        3,050                        
33        3,200                        
34        3,350                        
35        3,500                        
36        3,650                        
37        3,800                        
38        3,950                        
39        4,100                        
40        4,300                        
Advance        –        145        35        0
41        4,500                        
42        4,700                        
43        4,900                        
44        5,100                        
45        5,300                        
46        5,500                        
47        5,700                        
48        5,900                        
49        6,100                        
50        6,350                        
Advance        –        220        50        10
51        6,600                        
52        6,850                        
53        7,100                        
54        7,350                        
55        7,600                        
56        7,850                        
57        8,100                        
58        8,350                        
59        8,600                        
60        8,900                        
Advance        –        290        65        20
61        9,200                        
62        9,500                        
63        9,800                        
64        10,100                        
65        10,400                        
66        10,700                        
67        11,000                        
68        11,300                        
69        11,600                        
70        11,900                        
Advance        –        365        85        40
71        12200                        
72        12500                        
73        12800                        
74        13100                        
75        13400                        
76        13700                        
77        14000                        
78        14300                        
79        14600                        
80        15000                        
Advance        –        440        100        60
81        15400                        
82        15800                        
83        16200                        
84        16600                        
85        17000                        
86        17400                        
87        17800                        
88        18200                        
89        18600                        
90        19000                        
Advance        –        585        115        80
91        19400                        
92        19800                        
93        20200                        
94        20600                        
95        21000                        
96        21400                        
97        21800                        
98        22200                        
99        22600                        
100        23100                        
Advance        –        730        135        100


Snow Ape


Advancement Level        Squad Capacity increased by
10        1,500
20        3,000
30        4,500
40        6,000
50        7,500
60        9,000
70        10,500
80        12,000
90        13,500
100        15,000
Upgrade Cost
Level        Pet Food        Taming
Manual        Energizing
Potion        Strengthening
Serum
1        –                        
2        500                        
3        550                        
4        600                        
5        650                        
6        700                        
7        750                        
8        800                        
9        850                        
10        925                        
Advance        –        35        0        0
11        1,000                        
12        1,075                        
13        1,150                        
14        1,225                        
15        1,300                        
16        1,375                        
17        1,450                        
18        1,525                        
19        1,600                        
20        1,700                        
Advance        –        70        0        0
21        1,800                        
22        1,900                        
23        2,000                        
24        2,100                        
25        2,200                        
26        2,300                        
27        2,400                        
28        2,500                        
29        2,600                        
30        2,750                        
Advance        –        110        15        0
31        2,900                        
32        3,050                        
33        3,200                        
34        3,350                        
35        3,500                        
36        3,650                        
37        3,800                        
38        3,950                        
39        4,100                        
40        4,300                        
Advance        –        145        35        0
41        4,500                        
42        4,700                        
43        4,900                        
44        5,100                        
45        5,300                        
46        5,500                        
47        5,700                        
48        5,900                        
49        6,100                        
50        6,350                        
Advance        –        220        50        10
51        6,600                        
52        6,850                        
53        7,100                        
54        7,350                        
55        7,600                        
56        7,850                        
57        8,100                        
58        8,350                        
59        8,600                        
60        8,900                        
Advance        –        290        65        20
61        9,200                        
62        9,500                        
63        9,800                        
64        10,100                        
65        10,400                        
66        10,700                        
67        11,000                        
68        11,300                        
69        11,600                        
70        11,900                        
Advance        –        365        85        40
71        12200                        
72        12500                        
73        12800                        
74        13100                        
75        13400                        
76        13700                        
77        14000                        
78        14300                        
79        14600                        
80        15000                        
Advance        –        440        100        60
81        15400                        
82        15800                        
83        16200                        
84        16600                        
85        17000                        
86        17400                        
87        17800                        
88        18200                        
89        18600                        
90        19000                        
Advance        –        585        115        80
91        19400                        
92        19800                        
93        20200                        
94        20600                        
95        21000                        
96        21400                        
97        21800                        
98        22200                        
99        22600                        
100        23100                        
Advance        –        730        135        100


Iron Rhino


Advancement Level        Rally Capacity increased by
10        60,000
20        70,000
30        80,000
40        90,000
50        100,000
60        110,000
70        120,000
80        130,000
90        140,000
100        150,000
Upgrade Cost
Level        Pet Food        Taming
Manual        Energizing
Potion        Strengthening
Serum
1        –                        
2        500                        
3        550                        
4        600                        
5        650                        
6        700                        
7        750                        
8        800                        
9        850                        
10        925                        
Advance        –        35        0        0
11        1,000                        
12        1,075                        
13        1,150                        
14        1,225                        
15        1,300                        
16        1,375                        
17        1,450                        
18        1,525                        
19        1,600                        
20        1,700                        
Advance        –        70        0        0
21        1,800                        
22        1,900                        
23        2,000                        
24        2,100                        
25        2,200                        
26        2,300                        
27        2,400                        
28        2,500                        
29        2,600                        
30        2,750                        
Advance        –        110        15        0
31        2,900                        
32        3,050                        
33        3,200                        
34        3,350                        
35        3,500                        
36        3,650                        
37        3,800                        
38        3,950                        
39        4,100                        
40        4,300                        
Advance        –        145        35        0
41        4,500                        
42        4,700                        
43        4,900                        
44        5,100                        
45        5,300                        
46        5,500                        
47        5,700                        
48        5,900                        
49        6,100                        
50        6,350                        
Advance        –        220        50        10
51        6,600                        
52        6,850                        
53        7,100                        
54        7,350                        
55        7,600                        
56        7,850                        
57        8,100                        
58        8,350                        
59        8,600                        
60        8,900                        
Advance        –        290        65        20
61        9,200                        
62        9,500                        
63        9,800                        
64        10,100                        
65        10,400                        
66        10,700                        
67        11,000                        
68        11,300                        
69        11,600                        
70        11,900                        
Advance        –        365        85        40
71        12,200                        
72        12,500                        
73        12,800                        
74        13,100                        
75        13,400                        
76        13,700                        
77        14,000                        
78        14,300                        
79        14,600                        
80        15,000                        
Advance        –        440        100        60
81        15,400                        
82        15,800                        
83        16,200                        
84        16,600                        
85        17,000                        
86        17,400                        
87        17,800                        
88        18,200                        
89        18,600                        
90        19,000                        
Advance        –        585        115        80
91        19,400                        
92        19,800                        
93        20,200                        
94        20,600                        
95        21,000                        
96        21,400                        
97        21,800                        
98        22,200                        
99        22,600                        
100        23,100                        
Advance        –        730        135        100


Saber-Tooth Tiger


Advancement Level        Troops Lethality increased by
10        2.50%
20        3.00%
30        3.50%
40        4.00%
50        5.00%
60        6.00%
70        7.00%
80        8.00%
90        9.00%
100        10.00%
Upgrade Cost
Level        Pet Food        Taming
Manual        Energizing
Potion        Strengthening
Serum
1        –                        
2        500                        
3        550                        
4        600                        
5        650                        
6        700                        
7        750                        
8        800                        
9        850                        
10        925                        
Advance        –        35        0        0
11        1,000                        
12        1,075                        
13        1,150                        
14        1,225                        
15        1,300                        
16        1,375                        
17        1,450                        
18        1,525                        
19        1,600                        
20        1,700                        
Advance        –        70        0        0
21        1,800                        
22        1,900                        
23        2,000                        
24        2,100                        
25        2,200                        
26        2,300                        
27        2,400                        
28        2,500                        
29        2,600                        
30        2,750                        
Advance        –        110        15        0
31        2,900                        
32        3,050                        
33        3,200                        
34        3,350                        
35        3,500                        
36        3,650                        
37        3,800                        
38        3,950                        
39        4,100                        
40        4,300                        
Advance        –        145        35        0
41        4,500                        
42        4,700                        
43        4,900                        
44        5,100                        
45        5,300                        
46        5,500                        
47        5,700                        
48        5,900                        
49        6,100                        
50        6,350                        
Advance        –        220        50        10
51        6,600                        
52        6,850                        
53        7,100                        
54        7,350                        
55        7,600                        
56        7,850                        
57        8,100                        
58        8,350                        
59        8,600                        
60        8,900                        
Advance        –        290        65        20
61        9,200                        
62        9,500                        
63        9,800                        
64        10,100                        
65        10,400                        
66        10,700                        
67        11,000                        
68        11,300                        
69        11,600                        
70        11,900                        
Advance        –        365        85        40
71        12,200                        
72        12,500                        
73        12,800                        
74        13,100                        
75        13,400                        
76        13,700                        
77        14,000                        
78        14,300                        
79        14,600                        
80        15,000                        
Advance        –        440        100        60
81        15,400                        
82        15,800                        
83        16,200                        
84        16,600                        
85        17,000                        
86        17,400                        
87        17,800                        
88        18,200                        
89        18,600                        
90        19,000                        
Advance        –        585        115        80
91        19,400                        
92        19,800                        
93        20,200                        
94        20,600                        
95        21,000                        
96        21,400                        
97        21,800                        
98        22,200                        
99        22,600                        
100        23,100                        
Advance        –        730        135        100


Mammoth


Advancement Level        Troops Defense increased by
10        2.50%
20        3.00%
30        3.50%
40        4.00%
50        5.00%
60        6.00%
70        7.00%
80        8.00%
90        9.00%
100        10.00%
Upgrade Cost
Level        Pet Food        Taming
Manual        Energizing
Potion        Strengthening
Serum
1        –                        
2        500                        
3        550                        
4        600                        
5        650                        
6        700                        
7        750                        
8        800                        
9        850                        
10        925                        
Advance        –        35        0        0
11        1,000                        
12        1,075                        
13        1,150                        
14        1,225                        
15        1,300                        
16        1,375                        
17        1,450                        
18        1,525                        
19        1,600                        
20        1,700                        
Advance        –        70        0        0
21        1,800                        
22        1,900                        
23        2,000                        
24        2,100                        
25        2,200                        
26        2,300                        
27        2,400                        
28        2,500                        
29        2,600                        
30        2,750                        
Advance        –        110        15        0
31        2,900                        
32        3,050                        
33        3,200                        
34        3,350                        
35        3,500                        
36        3,650                        
37        3,800                        
38        3,950                        
39        4,100                        
40        4,300                        
Advance        –        145        35        0
41        4,500                        
42        4,700                        
43        4,900                        
44        5,100                        
45        5,300                        
46        5,500                        
47        5,700                        
48        5,900                        
49        6,100                        
50        6,350                        
Advance        –        220        50        10
51        6,600                        
52        6,850                        
53        7,100                        
54        7,350                        
55        7,600                        
56        7,850                        
57        8,100                        
58        8,350                        
59        8,600                        
60        8,900                        
Advance        –        290        65        20
61        9,200                        
62        9,500                        
63        9,800                        
64        10,100                        
65        10,400                        
66        10,700                        
67        11,000                        
68        11,300                        
69        11,600                        
70        11,900                        
Advance        –        365        85        40
71        12,200                        
72        12,500                        
73        12,800                        
74        13,100                        
75        13,400                        
76        13,700                        
77        14,000                        
78        14,300                        
79        14,600                        
80        15,000                        
Advance        –        440        100        60
81        15,400                        
82        15,800                        
83        16,200                        
84        16,600                        
85        17,000                        
86        17,400                        
87        17,800                        
88        18,200                        
89        18,600                        
90        19,000                        
Advance        –        585        115        80
91        19,400                        
92        19,800                        
93        20,200                        
94        20,600                        
95        21,000                        
96        21,400                        
97        21,800                        
98        22,200                        
99        22,600                        
100        23,100                        
Advance        –        730        135        100


Cave Hyena - (No designator)
Arctic Wolf - Normal (N)
Musk Ox - Normal (N)
Giant Tapir - Rare (R)
Titan Roc - Rare (R)
Giant Elk - Epic (SR)
Snow Leopard - Epic (SR)
Cave Lion - Mythic (SSR)
Snow Ape - Mythic (SSR)
Iron Rhino - Mythic (SSR)
Saber-Tooth Tiger - Mythic (SSR)
Mammoth - Mythic (SSR)


I know there are at least 2 other pets, but I don't have the data on them yet
Frost Gorilla - Probably Mythic (SSR)
Frostscale Chameleon - Probably Mythic (SSR)


SVS Points
Score earned upon advancement.
lv. 10 - 500 score
lv. 20 - 1000 score
lv. 30 - 2000 score
lv. 40 - 3000 score
lv. 50 - 4500 score
lv. 60 - 6750 score
lv. 70 - 10000 score
lv. 80 - 12000 score
lv. 90 - 14500 score
lv. 100 - 17500 score


50 points are given for each score increase of 1, so score earned times 50